0 2
0 30
0 68
0 93
0 181
0 187
0 223
0 240
0 242
0 331
0 486
0 697
0 760
0 823
0 989
1 2
1 3
1 4
1 5
1 15
1 37
1 46
1 48
1 61
1 63
1 68
1 76
1 85
1 88
1 99
1 110
1 126
1 132
1 137
1 139
1 142
1 162
1 167
1 171
1 175
1 182
1 185
1 187
1 215
1 218
1 234
1 265
1 278
1 358
1 365
1 407
1 433
1 438
1 445
1 483
1 500
1 520
1 607
1 633
1 650
1 726
1 795
1 827
1 833
1 842
1 864
1 937
1 951
2 3
2 4
2 5
2 7
2 8
2 9
2 10
2 11
2 14
2 15
2 17
2 22
2 24
2 40
2 41
2 42
2 45
2 47
2 56
2 98
2 103
2 105
2 116
2 119
2 135
2 149
2 159
2 194
2 222
2 246
2 253
2 277
2 283
2 290
2 311
2 317
2 333
2 349
2 381
2 418
2 443
2 467
2 494
2 501
2 511
2 523
2 527
2 548
2 561
2 580
2 583
2 603
2 606
2 633
2 647
2 692
2 714
2 736
2 754
2 792
2 798
2 806
2 852
2 864
2 874
2 959
2 969
2 977
3 6
3 7
3 11
3 33
3 34
3 44
3 96
3 122
3 164
3 166
3 171
3 198
3 235
3 342
3 405
3 420
3 573
3 623
3 826
3 929
4 12
4 13
4 18
4 19
4 24
4 80
4 89
4 114
4 138
4 197
4 222
4 484
4 651
4 693
4 886
4 973
5 6
5 9
5 10
5 12
5 13
5 16
5 17
5 19
5 20
5 23
5 25
5 28
5 32
5 35
5 38
5 39
5 48
5 53
5 59
5 123
5 160
5 170
5 173
5 190
5 267
5 269
5 270
5 280
5 308
5 313
5 319
5 363
5 367
5 368
5 382
5 391
5 400
5 413
5 423
5 445
5 455
5 456
5 461
5 468
5 478
5 558
5 569
5 575
5 631
5 637
5 643
5 665
5 678
5 710
5 711
5 721
5 732
5 752
5 773
5 778
5 799
5 825
5 839
5 863
5 885
5 936
5 947
5 960
6 27
6 35
6 47
6 55
6 74
6 75
6 86
6 92
6 150
6 161
6 175
6 188
6 199
6 230
6 380
6 386
6 496
6 549
6 580
6 693
6 698
6 712
6 740
6 805
6 837
6 912
6 915
6 999
7 8
7 18
7 21
7 27
7 29
7 30
7 33
7 52
7 60
7 78
7 84
7 87
7 90
7 104
7 109
7 147
7 149
7 166
7 173
7 186
7 205
7 233
7 242
7 253
7 273
7 302
7 322
7 357
7 393
7 397
7 451
7 537
7 548
7 558
7 596
7 600
7 702
7 754
7 761
7 792
7 808
7 810
7 850
7 869
7 880
7 927
7 939
7 958
7 979
7 998
8 14
8 16
8 20
8 22
8 28
8 37
8 39
8 62
8 67
8 86
8 100
8 103
8 110
8 141
8 143
8 154
8 157
8 168
8 219
8 229
8 311
8 338
8 423
8 429
8 468
8 500
8 550
8 599
8 608
8 650
8 667
8 668
8 751
8 764
8 769
8 809
8 828
8 930
9 29
9 32
9 34
9 38
9 42
9 49
9 64
9 66
9 73
9 74
9 79
9 85
9 91
9 94
9 102
9 115
9 128
9 129
9 151
9 199
9 200
9 208
9 252
9 258
9 262
9 274
9 282
9 314
9 382
9 387
9 417
9 420
9 432
9 460
9 504
9 508
9 532
9 553
9 628
9 636
9 638
9 639
9 644
9 706
9 740
9 784
9 794
9 822
9 829
9 831
9 857
9 887
9 889
9 913
9 916
9 939
9 976
9 985
9 988
10 52
10 64
10 78
10 134
10 172
10 250
10 264
10 356
10 364
10 416
10 453
10 584
10 744
10 752
10 771
10 820
10 829
10 963
10 968
11 26
11 55
11 300
11 351
11 425
12 50
12 51
12 58
12 118
12 368
12 598
12 729
13 21
13 73
13 76
13 115
13 128
13 158
13 178
13 207
13 208
13 217
13 228
13 248
13 261
13 375
13 515
13 592
13 630
13 664
13 673
13 749
13 807
13 846
13 902
13 926
14 23
14 183
14 216
14 301
14 360
14 458
14 459
14 674
14 711
14 785
14 938
15 178
15 214
15 275
15 304
15 514
15 586
15 613
15 958
16 26
16 45
16 69
16 84
16 106
16 109
16 155
16 205
16 260
16 267
16 307
16 326
16 361
16 380
16 396
16 419
16 557
16 561
16 668
16 688
16 718
16 748
16 882
16 943
18 31
18 144
18 196
18 225
18 550
18 589
18 853
18 950
18 969
19 36
19 61
19 66
19 69
19 70
19 72
19 286
19 305
19 309
19 404
19 430
19 437
19 505
19 535
19 552
19 713
19 721
19 802
19 812
19 861
19 886
19 895
19 906
20 41
20 54
20 83
20 95
20 116
20 143
20 191
20 192
20 315
20 511
20 539
20 542
20 574
20 680
20 821
20 938
21 145
21 207
21 241
21 266
21 286
21 392
21 656
21 694
21 766
22 25
22 31
22 92
22 100
22 152
22 159
22 176
22 312
22 360
22 384
22 541
22 594
22 597
22 601
22 696
22 738
22 772
22 818
22 832
23 119
23 325
23 358
23 494
23 533
23 968
24 93
24 136
24 157
24 163
24 180
24 265
24 280
24 284
24 292
24 366
24 476
24 521
24 534
24 654
24 677
24 756
24 782
24 834
25 51
25 62
25 107
25 112
25 206
25 296
25 318
25 372
25 466
25 541
25 715
25 783
25 798
25 897
25 904
25 944
26 43
26 65
26 82
26 554
26 954
28 46
28 53
28 58
28 71
28 90
28 127
28 237
28 288
28 323
28 337
28 967
29 44
29 83
29 125
29 427
29 430
29 528
29 578
29 623
29 697
29 997
30 36
30 50
30 65
30 67
30 82
30 150
30 169
30 346
30 447
30 456
30 457
30 537
30 618
30 641
30 705
30 750
30 771
30 775
30 819
30 843
30 918
31 410
31 461
32 63
32 81
32 101
32 111
32 188
32 223
32 352
32 763
32 957
33 137
33 399
33 435
33 720
33 745
33 787
34 390
34 555
34 956
35 59
35 211
35 224
35 459
35 515
35 536
35 685
35 734
35 867
35 977
35 989
36 40
36 209
36 271
36 543
36 626
37 57
37 691
37 692
37 815
38 164
38 466
38 501
38 512
38 525
38 540
38 581
38 615
38 737
38 753
39 770
40 81
40 96
40 118
40 232
40 269
40 394
40 448
40 523
40 781
41 43
41 70
41 89
41 113
41 117
41 259
41 324
41 355
41 412
41 488
41 776
42 49
42 244
42 426
42 658
43 320
44 102
44 530
44 774
45 130
45 359
45 446
45 462
45 495
45 630
45 634
45 684
45 695
45 859
45 907
46 60
46 124
46 239
46 298
46 610
46 639
46 767
46 856
46 940
46 991
47 54
47 148
47 156
47 231
47 291
47 312
47 403
47 417
47 813
48 182
48 195
48 245
48 251
48 293
48 350
48 463
48 546
48 800
49 72
49 122
49 170
49 203
49 243
49 244
49 291
49 296
49 344
49 348
49 412
49 450
49 504
49 534
49 565
49 953
50 56
50 126
50 130
50 225
50 228
50 310
50 602
50 935
51 145
51 276
51 295
51 361
51 415
51 477
51 498
51 518
51 609
51 734
51 883
51 903
51 917
52 77
52 480
52 485
52 806
53 57
53 106
53 151
53 197
53 234
53 241
53 249
53 261
53 334
53 396
53 464
53 473
53 474
53 509
53 570
53 635
53 651
53 689
53 730
53 794
53 817
53 862
53 911
54 104
54 146
54 184
54 263
54 314
54 335
55 113
55 124
55 125
55 168
55 289
55 479
55 655
56 202
56 723
57 353
57 377
58 99
58 108
58 213
58 214
58 220
58 239
58 255
58 304
58 395
58 735
58 743
59 121
60 101
60 144
60 329
60 648
61 371
61 621
62 163
62 189
62 240
62 285
62 984
63 75
63 132
63 133
63 200
63 363
63 398
63 444
63 622
63 627
63 688
63 696
63 708
63 709
63 797
63 825
63 836
63 873
63 929
63 982
63 991
64 111
64 114
64 301
64 305
64 323
64 435
64 872
65 77
65 80
65 88
65 91
65 97
65 152
65 161
65 185
65 201
65 231
65 257
65 259
65 335
65 339
65 448
65 470
65 508
65 535
65 536
65 566
65 619
65 704
65 738
65 835
65 849
65 855
65 862
65 875
65 893
65 993
66 336
66 378
66 446
66 475
68 97
68 209
68 344
68 507
68 585
69 79
69 717
69 753
69 762
69 824
70 71
70 153
70 238
70 272
70 485
70 491
70 675
72 95
72 256
72 257
72 345
72 517
72 594
72 780
72 999
74 642
75 87
75 449
75 783
75 870
75 949
76 98
76 131
76 135
76 141
76 146
76 172
76 184
76 247
76 341
76 406
76 439
76 474
76 581
76 671
76 961
77 120
77 403
77 524
79 678
80 107
80 299
80 332
80 339
80 353
80 372
80 374
80 401
80 442
80 455
80 506
80 528
80 645
81 196
81 219
81 256
81 364
81 426
82 181
82 218
82 282
82 554
82 827
82 987
83 198
83 229
83 431
83 443
83 465
83 785
83 931
84 421
84 519
85 330
85 431
86 174
86 437
86 571
86 891
86 980
87 156
87 246
87 336
87 422
87 481
87 516
87 759
88 153
89 142
89 310
90 402
90 410
90 646
90 757
90 833
90 847
90 882
91 94
91 123
91 204
91 441
92 162
92 340
92 859
93 127
93 422
94 233
95 108
95 662
96 121
96 346
96 683
97 155
97 300
98 105
98 129
98 138
98 206
98 226
98 350
98 562
98 648
98 844
99 359
100 134
100 165
100 563
101 136
101 195
101 287
101 347
101 467
101 699
101 703
101 722
102 148
102 194
102 217
102 220
102 288
102 408
102 409
102 503
102 850
103 112
103 131
103 591
104 147
104 183
104 272
104 389
104 542
104 567
104 653
105 227
105 273
105 665
106 174
106 179
106 450
106 673
106 869
107 117
107 966
108 258
109 180
109 186
109 192
109 232
109 393
110 120
110 201
110 212
110 260
110 902
113 274
113 458
113 529
113 597
113 801
113 845
114 428
114 475
114 533
114 953
115 179
116 248
116 441
116 742
117 946
118 383
118 709
118 793
118 894
118 930
119 160
119 264
119 600
120 133
120 140
120 319
120 327
120 469
120 640
120 685
120 940
121 362
121 978
122 262
123 139
123 191
123 252
123 289
123 478
123 526
123 640
123 653
124 277
124 329
124 351
124 436
126 227
126 801
126 809
127 221
127 237
127 306
127 562
127 984
128 167
128 283
128 341
128 449
128 576
128 808
129 154
129 321
130 387
131 177
131 285
131 294
132 140
132 165
132 270
132 357
132 394
132 690
132 881
132 990
133 676
135 519
136 190
136 271
136 469
136 669
136 689
136 816
138 204
139 330
139 616
139 875
139 879
140 236
141 327
141 451
141 803
142 299
144 177
144 308
144 334
144 434
144 545
144 559
146 492
147 490
147 560
147 572
147 996
148 694
148 957
148 986
149 254
149 838
150 158
150 169
150 326
150 392
150 571
150 679
151 677
152 365
152 419
152 666
153 193
153 215
153 249
153 384
153 687
153 704
154 226
154 418
154 556
154 570
155 479
156 493
157 465
158 705
159 189
159 432
159 786
161 317
162 293
162 348
163 386
163 482
163 566
163 663
164 385
165 472
165 526
165 909
166 297
166 415
166 628
166 642
166 736
166 762
166 854
168 193
168 292
168 373
168 480
168 583
169 913
170 203
170 822
171 544
171 626
171 649
173 176
173 221
173 371
173 517
174 235
174 250
174 287
174 320
174 338
174 440
174 457
174 643
174 948
175 681
176 389
177 236
178 530
179 321
179 325
179 607
179 799
180 298
180 666
180 807
181 212
181 376
181 491
181 502
181 521
181 757
182 379
183 411
183 493
183 788
183 818
184 210
184 611
185 520
185 557
185 579
185 832
185 876
187 216
187 390
188 503
188 840
189 362
189 532
190 211
190 397
190 488
190 750
190 778
190 894
191 202
192 354
192 683
193 716
193 849
194 400
195 245
195 369
195 848
195 879
196 263
196 279
196 376
196 438
196 487
196 513
196 921
196 981
197 254
197 489
197 613
198 247
198 276
198 333
198 675
198 906
199 905
200 723
201 210
201 453
201 582
201 610
201 900
202 224
202 295
202 388
202 841
203 826
203 868
203 871
205 620
205 710
205 948
207 238
207 243
207 499
207 647
207 781
208 719
209 621
209 746
209 892
210 230
210 266
210 315
210 719
210 773
211 302
212 213
212 471
212 706
212 982
213 789
214 406
214 742
215 604
215 824
216 509
216 764
217 278
217 994
219 482
219 543
222 582
222 625
223 964
224 945
225 294
225 601
225 616
226 316
226 615
227 268
229 255
229 568
230 275
230 617
231 307
231 979
232 507
232 729
232 889
233 352
233 405
233 502
233 516
233 620
233 674
233 746
233 768
233 905
238 281
239 686
240 401
241 322
241 802
243 379
243 567
244 268
247 316
249 251
249 498
249 614
249 917
250 385
250 980
251 395
251 544
252 499
252 540
253 641
254 281
254 855
254 909
256 303
256 342
256 915
257 513
257 556
257 646
257 671
257 814
259 569
259 572
260 787
261 483
261 614
261 758
263 399
263 454
263 497
263 658
263 699
264 328
264 402
264 407
264 619
264 702
264 724
264 943
264 951
268 297
268 933
269 309
269 331
269 510
269 584
270 598
270 686
271 313
271 383
271 495
271 994
272 332
272 593
272 657
273 303
273 306
273 424
273 791
273 860
273 993
274 477
274 659
275 595
275 679
276 279
276 284
276 318
276 497
276 585
276 586
276 819
276 919
276 976
277 356
277 632
277 733
277 779
278 933
279 837
280 370
280 447
280 758
280 768
281 777
283 588
283 835
283 920
284 378
284 741
288 290
288 343
288 470
288 599
288 603
288 618
288 860
289 484
290 843
291 440
292 884
292 962
294 486
294 638
294 749
295 424
296 425
297 328
297 398
297 454
298 324
298 388
298 460
298 539
298 547
298 672
299 644
299 995
300 865
300 907
301 759
301 964
302 622
303 814
304 414
304 604
305 559
306 347
306 788
307 579
307 707
308 452
308 472
309 427
309 575
311 877
312 414
314 355
314 409
314 656
314 664
315 804
316 370
316 434
316 518
316 708
316 739
316 765
316 793
316 839
317 354
317 611
319 637
319 731
322 411
322 452
322 949
323 797
324 560
325 514
325 834
327 343
327 369
327 564
327 717
327 899
331 337
331 374
331 590
334 345
334 349
334 375
334 887
335 805
336 340
336 381
336 935
337 755
337 761
337 918
338 391
338 512
340 565
342 538
343 442
345 627
345 767
346 492
348 687
351 803
351 901
352 596
352 820
354 373
356 408
357 416
358 367
358 922
360 634
360 777
360 830
362 956
363 366
363 433
363 998
364 444
364 722
364 975
365 377
365 522
365 595
365 609
366 728
366 795
367 602
370 428
373 439
373 553
373 564
374 506
376 635
377 436
377 726
377 730
377 888
381 404
381 577
381 588
381 631
381 660
381 732
381 916
382 885
385 576
385 701
385 911
385 944
385 947
386 531
386 661
388 489
388 529
388 927
391 551
391 681
394 421
394 751
394 861
394 941
395 657
395 971
396 970
397 429
397 487
398 481
398 789
399 715
400 606
401 660
401 725
402 413
402 473
402 496
402 745
402 804
402 858
402 877
404 471
404 612
404 952
409 684
410 555
410 625
410 924
411 568
411 853
412 592
413 966
414 463
414 682
417 774
421 505
421 549
421 748
422 490
422 605
422 903
423 525
423 817
424 546
424 728
425 629
425 667
425 800
425 985
429 739
429 791
432 552
432 725
432 928
436 573
437 796
437 846
437 961
438 462
441 538
442 527
442 670
443 896
444 884
445 952
446 661
449 970
450 605
450 645
452 476
452 942
453 863
455 464
455 892
458 823
458 992
460 707
462 551
464 593
464 755
466 724
468 524
470 632
470 652
471 880
473 845
473 871
473 954
474 714
474 821
475 522
475 669
480 617
481 700
487 510
489 756
489 867
489 919
489 955
494 670
494 931
494 945
497 925
501 629
501 720
501 928
502 531
502 624
504 922
505 852
508 662
509 851
512 563
512 574
513 547
514 842
518 851
520 965
527 703
528 876
529 680
532 920
536 655
537 659
541 950
544 545
544 737
544 870
545 672
553 590
554 652
554 716
555 775
560 577
560 608
563 780
564 857
566 772
566 779
566 812
566 868
569 636
569 733
571 587
571 589
571 854
571 921
571 925
574 942
575 578
575 701
575 784
575 848
575 912
576 691
578 937
582 587
582 836
583 904
584 591
584 872
587 770
587 811
589 866
591 612
591 676
592 727
593 700
593 713
593 763
594 624
594 988
596 743
603 695
603 960
606 727
607 810
607 955
612 654
616 866
619 973
622 765
622 816
625 786
628 649
631 978
631 983
632 888
633 831
634 690
636 663
636 682
638 766
641 926
642 828
648 813
649 878
650 898
654 881
663 890
667 983
668 924
670 769
670 963
670 974
673 698
673 898
674 946
675 856
675 997
679 741
679 782
679 873
681 995
682 790
682 811
688 901
690 712
690 908
694 840
696 731
696 776
697 760
702 838
703 841
703 941
704 718
704 962
706 910
710 747
710 796
713 910
725 735
725 923
725 972
725 990
729 934
734 747
735 987
741 744
741 908
742 874
749 815
751 790
752 914
752 992
756 900
759 914
762 896
769 858
778 923
782 932
786 830
789 865
791 844
791 878
795 883
808 890
810 847
822 934
825 895
832 936
834 891
847 897
852 975
854 967
854 971
856 972
874 974
881 899
883 932
886 893
889 986
918 959
924 981
944 965
976 996
